1 3 9 13 23 25 34 36 38 40
2 3 9 14 23 26 34 36 39 40
2 4 9 15 23 27 34 36 39 41
1 3 10 15 23 25 34 36 38 41
2 3 9 16 24 28 34 37 39 40
2 3 10 14 23 26 34 36 39 41
2 4 9 15 23 26 34 36 39 42
2 4 10 15 23 27 34 36 39 41
1 3 10 15 23 25 34 36 38 43
2 4 9 14 23 26 34 36 39 42
2 3 10 14 23 27 34 36 39 42
2 3 10 14 23 26 34 36 39 41
2 4 9 14 23 26 34 36 39 44
1 3 10 15 23 25 34 36 38 40
2 3 11 13 24 28 34 37 39 41
2 5 11 16 24 28 34 36 38 40
2 6 11 15 24 28 34 37 39 40
1 3 9 13 23 25 34 36 38 41
1 3 10 15 23 25 34 36 38 41
1 3 9 13 23 25 34 36 38 40
2 4 9 14 23 26 34 36 39 40
1 3 10 13 23 25 34 36 38 41
2 4 10 14 23 27 34 36 39 40
2 4 10 15 23 26 34 36 39 44
2 4 9 15 23 27 34 36 39 42
1 6 9 15 23 25 34 36 38 41
2 3 10 14 23 26 34 36 39 41
2 3 10 15 23 27 34 36 39 44
2 6 11 13 24 28 34 36 38 40
2 3 9 14 23 26 34 37 38 41
2 4 9 14 23 27 34 36 39 42
1 3 10 15 23 25 34 36 38 40
2 3 10 14 23 27 34 36 39 41
2 3 10 13 23 27 34 36 39 43
2 4 10 14 23 27 34 36 39 41
2 3 11 14 23 27 34 37 38 44
2 5 11 16 24 28 34 36 38 40
1 3 10 13 23 25 34 36 38 44
2 3 11 14 23 26 34 37 38 43
2 4 9 14 23 27 34 36 39 40